local v1 = {}
local v2 = {
    ["Name"] = "Twinfang Axe",
    ["Desc"] = "The Twinfang Axe cleaves enemies with unstoppable force.",
    ["Rarity"] = "Epic",
    ["Image"] = "rbxassetid://116635150731201",
    ["EquipType"] = "WeaponRight"
}
local v3 = {
    {
        ["Part1"] = "Torso",
        ["Part2"] = "Torso",
        ["WeldC1"] = CFrame.new(-0.0000114440918, 2.38418579e-7, 0.604734421, 0.690483451, -0.72334832, 1.32348898e-23, -0.72334832, -0.690483451, -1.1920929e-7, -2.15574602e-7, -2.05780111e-7, -0.999999702),
        ["WeldC2"] = CFrame.new(0, 0, 0, 1, 0, 0, 0, 1, 0, 0, 0, 1)
    }
}
v2.Welds = v3
local v4 = {
    {
        ["Part1"] = "Right Arm",
        ["Part2"] = "Right Arm",
        ["WeldC1"] = CFrame.new(-0.0000152587891, -0.936290979, -1.60832977, -1.22464672e-16, -1.22464672e-16, 1, -1, -1.1920929e-7, -1.22464698e-16, -2.98023224e-7, -0.999999702, -1.22464685e-16),
        ["WeldC2"] = CFrame.new(0, 0, 0, 1, 0, 0, 0, 1, 0, 0, 0, 1)
    }
}
v2.UseWeld = v4
v2.Damage = 3
v2.SellPrice = 5
v2.CanSell = true
v1.DoubleBladeAxe = v2
local v5 = {
    ["Name"] = "Knightbreaker",
    ["Desc"] = "The Knightbreaker is a mysterious weapon of unknown origin.",
    ["Rarity"] = "Epic",
    ["Image"] = "rbxassetid://115796299857166",
    ["EquipType"] = "WeaponRight"
}
local v6 = {
    {
        ["Part1"] = "Torso",
        ["Part2"] = "Torso",
        ["WeldC1"] = CFrame.new(0.0000190734863, -0.0000433921814, 0.658700943, -0.701602399, -0.712571979, -1.32348898e-23, 0.712571979, -0.701602399, 1.1920929e-7, 2.12362949e-7, -2.09093798e-7, 0.999999702),
        ["WeldC2"] = CFrame.new(0, 0, 0, 1, 0, 0, 0, 1, 0, 0, 0, 1)
    }
}
v5.Welds = v6
local v7 = {
    {
        ["Part1"] = "Right Arm",
        ["Part2"] = "Right Arm",
        ["WeldC1"] = CFrame.new(0.00263977051, -0.941697598, -1.7460556, 0, 1.32348898e-23, 1.00000238, -1.00000238, -1.1920929e-7, 0, -2.98023906e-7, -0.999999702, 1.42108547e-14),
        ["WeldC2"] = CFrame.new(0, 0, 0, 1, 0, 0, 0, 1, 0, 0, 0, 1)
    }
}
v5.UseWeld = v7
v5.Damage = 3
v5.SellPrice = 5
v5.CanSell = true
v1.KnightsSword = v5
local v8 = {
    ["Name"] = "Tide Bringer",
    ["Desc"] = "The Tide Bringer is a mysterious weapon of unknown origin.",
    ["Rarity"] = "Legendary",
    ["Image"] = "rbxassetid://131202735174286",
    ["EquipType"] = "WeaponRight"
}
local v9 = {
    {
        ["Part1"] = "Torso",
        ["Part2"] = "Torso",
        ["WeldC1"] = CFrame.new(0.0835266113, 0.171234369, 0.616041183, 0.702362835, 0.711823165, 0, -0.711823165, 0.702362835, 1.1920929e-7, -2.12139767e-7, 2.09320419e-7, 0.999999702),
        ["WeldC2"] = CFrame.new(0, 0, 0, 1, 0, 0, 0, 1, 0, 0, 0, 1)
    }
}
v8.Welds = v9
local v10 = {
    {
        ["Part1"] = "Right Arm",
        ["Part2"] = "Right Arm",
        ["WeldC1"] = CFrame.new(-0.0403289795, -1.00070524, -1.30331039, 2.98023224e-8, -1.22465029e-16, 1.00000286, -1.00000286, -1.1920929e-7, 2.98023224e-8, -2.9802402e-7, -0.999999702, 4.25101001e-14),
        ["WeldC2"] = CFrame.new(0, 0, 0, 1, 0, 0, 0, 1, 0, 0, 0, 1)
    }
}
v8.UseWeld = v10
v8.Damage = 3
v8.SellPrice = 5
v8.CanSell = true
v1.RoyalTrident = v8
local v11 = {
    ["Name"] = "Crescent Doom",
    ["Desc"] = "The Crescent Doom is a mysterious weapon of unknown origin.",
    ["Rarity"] = "Legendary",
    ["Image"] = "rbxassetid://127787705648279",
    ["EquipType"] = "WeaponLeft"
}
local v12 = {
    {
        ["Part1"] = "Torso",
        ["Part2"] = "Torso",
        ["WeldC1"] = CFrame.new(0.431682587, -0.298799276, 0.637126923, -0.671467543, 0.741037726, 0, -0.741037726, -0.671467543, 1.1920929e-7, -2.20846431e-7, -2.00112865e-7, 0.999999702),
        ["WeldC2"] = CFrame.new(0, 0, 0, 1, 0, 0, 0, 1, 0, 0, 0, 1)
    }
}
v11.Welds = v12
local v13 = {
    {
        ["Part1"] = "Left Arm",
        ["Part2"] = "Left Arm",
        ["WeldC1"] = CFrame.new(-0.0213508606, -0.880008698, -1.542799, 2.98023224e-8, -1.22465029e-16, 1.00000286, -1.00000286, -1.1920929e-7, 2.98023224e-8, -2.9802402e-7, -0.999999702, 4.25101001e-14),
        ["WeldC2"] = CFrame.new(0, 0, 0, 1, 0, 0, 0, 1, 0, 0, 0, 1)
    }
}
v11.UseWeld = v13
v11.Damage = 3
v11.SellPrice = 5
v11.CanSell = true
v1.DarkGlaive = v11
local v14 = {
    ["Name"] = "Sun Warden",
    ["Desc"] = "The Sun Warden is a mysterious weapon of unknown origin.",
    ["Rarity"] = "Mythical",
    ["Image"] = "rbxassetid://134386684132265",
    ["EquipType"] = "WeaponLeft"
}
local v15 = {
    {
        ["Part1"] = "Torso",
        ["Part2"] = "Torso",
        ["WeldC1"] = CFrame.new(0.000244140625, -0.000246524811, 0.66466713, -0.632310629, 0.774718523, -3.55271368e-15, -0.774718523, -0.632310629, 1.19209282e-7, -2.30884055e-7, -1.88443153e-7, 0.999999702),
        ["WeldC2"] = CFrame.new(0, 0, 0, 1, 0, 0, 0, 1, 0, 0, 0, 1)
    }
}
v14.Welds = v15
local v16 = {
    {
        ["Part1"] = "Left Arm",
        ["Part2"] = "Left Arm",
        ["WeldC1"] = CFrame.new(-0.006980896, -0.927759647, -1.83134079, 1.22465016e-16, 3.67517855e-15, -1.00000274, 1.00000274, -1.19209282e-7, 1.22465003e-16, 2.98023934e-7, -0.999999702, -4.27550282e-14),
        ["WeldC2"] = CFrame.new(0, 0, 0, 1, 0, 0, 0, 1, 0, 0, 0, 1)
    }
}
v14.UseWeld = v16
v14.Damage = 3
v14.SellPrice = 5
v14.CanSell = true
v1.GoldenSpiralSword = v14
local v17 = {
    ["Name"] = "Verdant Wrath",
    ["Desc"] = "The Verdant Wrath is a mysterious weapon of unknown origin.",
    ["Rarity"] = "Mythical",
    ["Image"] = "rbxassetid://99782833573479",
    ["EquipType"] = "WeaponLeft"
}
local v18 = {
    {
        ["Part1"] = "Torso",
        ["Part2"] = "Torso",
        ["WeldC1"] = CFrame.new(-0.0000495910645, -7.39097595e-6, 0.760770798, -0.729688704, 0.683783472, 1.42108547e-14, -0.683783472, -0.729688704, 1.19209282e-7, -2.0378333e-7, -2.17464049e-7, 0.999999702),
        ["WeldC2"] = CFrame.new(0, 0, 0, 1, 0, 0, 0, 1, 0, 0, 0, 1)
    }
}
v17.Welds = v18
local v19 = {
    {
        ["Part1"] = "Left Arm",
        ["Part2"] = "Left Arm",
        ["WeldC1"] = CFrame.new(-0.0142860413, -0.880010128, -1.87550354, 2.98023224e-8, -1.43333204e-14, 1.00000274, -1.00000274, -1.19209282e-7, 2.98023011e-8, -2.98023934e-7, -0.999999702, 5.67209548e-14),
        ["WeldC2"] = CFrame.new(0, 0, 0, 1, 0, 0, 0, 1, 0, 0, 0, 1)
    }
}
v17.UseWeld = v19
v17.Damage = 3
v17.SellPrice = 5
v17.CanSell = true
v1.EmeraldKatana = v17
local v20 = {
    ["Name"] = "Spiked Maul",
    ["Desc"] = "A brutal mace covered in deadly spikes for maximum damage.",
    ["Rarity"] = "Common",
    ["Image"] = "rbxassetid://77043465336162",
    ["EquipType"] = "WeaponRight"
}
local v21 = {
    {
        ["Part1"] = "Torso",
        ["Part2"] = "Torso",
        ["WeldC1"] = CFrame.new(0.127807617, 0.264313698, 1.82659912, -0.711182714, -0.703013837, 3.78887606e-8, 0.703013837, -0.711182714, 2.59622333e-8, 8.69395222e-9, 4.50998066e-8, 1),
        ["WeldC2"] = CFrame.new(0, 0, 0, 1, 0, 0, 0, 1, 0, 0, 0, 1)
    }
}
v20.Welds = v21
local v22 = {
    {
        ["Part1"] = "Right Arm",
        ["Part2"] = "Right Arm",
        ["WeldC1"] = CFrame.new(0.0040435791, -0.905999899, -1.20515442, -0.000711311237, 0.00351846172, 0.999993563, -0.999348998, 0.0360681899, -0.000837758009, -0.0360709019, -0.999343157, 0.00349051529),
        ["WeldC2"] = CFrame.new(0, 0, 0, 1, 0, 0, 0, 1, 0, 0, 0, 1)
    }
}
v20.UseWeld = v22
v20.Damage = 3
v20.CanSell = true
v20.SellPrice = 5
v1.SpikeMace = v20
local v23 = {
    ["Name"] = "Jeweled Rod",
    ["Desc"] = "A staff adorned with a radiant gemstone at its core.",
    ["Rarity"] = "Common",
    ["Image"] = "rbxassetid://99204388818487",
    ["EquipType"] = "WeaponLeft"
}
local v24 = {
    {
        ["Part1"] = "Torso",
        ["Part2"] = "Torso",
        ["WeldC1"] = CFrame.new(-0.197509766, 0.231338024, 1.36901855, 0.771347463, -0.63641572, 1.73427295e-9, 0.63641572, 0.771347463, -1.45209806e-14, -1.33771738e-9, 1.10372922e-9, 1),
        ["WeldC2"] = CFrame.new(0, 0, 0, 1, 0, 0, 0, 1, 0, 0, 0, 1)
    }
}
v23.Welds = v24
local v25 = {
    {
        ["Part1"] = "Left Arm",
        ["Part2"] = "Right Arm",
        ["WeldC1"] = CFrame.new(-0.0713806152, -0.906353712, -1.41838074, -0.000711314031, 0.00351851922, 0.999993563, -0.999352932, 0.0360683315, -0.00083775958, -0.0360710435, -0.999347091, 0.00349055906),
        ["WeldC2"] = CFrame.new(0, 0, 0, 1, 0, 0, 0, 1, 0, 0, 0, 1)
    }
}
v23.UseWeld = v25
v23.Damage = 7
v23.CanSell = true
v23.SellPrice = 7
v1.GemStaff = v23
local v26 = {
    ["Name"] = "Twin Kando Blades",
    ["Desc"] = "A pair of sleek and deadly Kando blades.",
    ["Rarity"] = "Common",
    ["Image"] = "rbxassetid://139743378958371",
    ["EquipType"] = "DualDagger"
}
local v27 = {
    {
        ["Part1"] = "Torso",
        ["Part2"] = "Torso1",
        ["WeldC1"] = CFrame.new(1.25, -1.31681108, 0.451904297, -1.08059261e-7, -1.54570472e-7, -1.00000048, -0.866025746, -0.500000238, 1.70867324e-7, -0.5, 0.866025329, -7.98322972e-8),
        ["WeldC2"] = CFrame.new(0, 0, 0, 1, 0, 0, 0, 1, 0, 0, 0, 1)
    },
    {
        ["Part1"] = "Torso",
        ["Part2"] = "Torso2",
        ["WeldC1"] = CFrame.new(-1.25, -1.31681073, 0.451904297, -1.26986862e-7, -1.2178694e-7, -1.00000048, -0.866025805, -0.500000298, 1.70867324e-7, -0.50000006, 0.866025388, -4.19771204e-8),
        ["WeldC2"] = CFrame.new(0, 0, 0, 1, 0, 0, 0, 1, 0, 0, 0, 1)
    }
}
v26.Welds = v27
local v28 = {
    {
        ["Part1"] = "Left Arm",
        ["Part2"] = "Left Arm",
        ["WeldC1"] = CFrame.new(0.108596802, -0.905999899, -1.41866684, -0.000711299421, 0.00351846381, 0.999993563, -0.999348879, 0.0360715203, -0.000837758125, -0.036074236, -0.999343038, 0.00349051575),
        ["WeldC2"] = CFrame.new(0, 0, 0, 1, 0, 0, 0, 1, 0, 0, 0, 1)
    },
    {
        ["Part1"] = "Right Arm",
        ["Part2"] = "Right Arm",
        ["WeldC1"] = CFrame.new(-0.00428771973, -0.908094406, -1.409935, -0.000711280562, 0.00351843098, 0.999993563, -0.999348879, 0.0360715277, -0.000837738044, -0.0360742398, -0.999343038, 0.00349048339),
        ["WeldC2"] = CFrame.new(0, 0, 0, 1, 0, 0, 0, 1, 0, 0, 0, 1)
    }
}
v26.UseWeld = v28
v26.Damage = 15
v26.CanSell = true
v26.SellPrice = 15
v1.DualKando = v26
local v29 = {
    ["Name"] = "Prism Scepter",
    ["Desc"] = "A scepter radiating with the clarity of a perfect crystal.",
    ["Rarity"] = "Common",
    ["Image"] = "rbxassetid://80447223027385",
    ["EquipType"] = "WeaponRight"
}
local v30 = {
    {
        ["Part1"] = "Torso",
        ["Part2"] = "Torso",
        ["WeldC1"] = CFrame.new(-0.260498047, 0.435867548, 1.15460205, 0.73677814, -0.676134765, -9.52411483e-10, 0.676134706, 0.73677814, -9.31322575e-10, -7.01716074e-10, 6.43958498e-10, 1),
        ["WeldC2"] = CFrame.new(0, 0, 0, 1, 0, 0, 0, 1, 0, 0, 0, 1)
    }
}
v29.Welds = v30
local v31 = {
    {
        ["Part1"] = "Right Arm",
        ["Part2"] = "Right Arm",
        ["WeldC1"] = CFrame.new(0.0040435791, -0.905999899, -1.32555389, -0.000711319619, 0.00351845892, 0.999993563, -0.999349713, 0.0360684395, -0.00083775114, -0.0360707454, -0.999344945, 0.00349052483),
        ["WeldC2"] = CFrame.new(0, 0, 0, 1, 0, 0, 0, 1, 0, 0, 0, 1)
    }
}
v29.UseWeld = v31
v29.Damage = 31
v29.CanSell = true
v29.SellPrice = 31
v1.CrystalScepter = v29
local v32 = {
    ["Name"] = "Twin Bone Crushers",
    ["Desc"] = "Two heavy maces capable of shattering bones with ease.",
    ["Rarity"] = "Common",
    ["Image"] = "rbxassetid://114033546858188",
    ["EquipType"] = "DualDagger"
}
local v33 = {
    {
        ["Part1"] = "Torso",
        ["Part2"] = "Torso1",
        ["WeldC1"] = CFrame.new(-1.25, -1.36912525, 0.87298584, 1, 5.70038283e-9, 3.36396191e-8, 3.32770895e-8, -0.380645573, -0.924721003, 5.62868507e-9, 0.924721003, -0.380645573),
        ["WeldC2"] = CFrame.new(0, 0, 0, 1, 0, 0, 0, 1, 0, 0, 0, 1)
    },
    {
        ["Part1"] = "Torso",
        ["Part2"] = "Torso2",
        ["WeldC1"] = CFrame.new(1.25, -1.36912525, 0.87298584, 1, 1.04860955e-8, 5.78384096e-8, 5.74758801e-8, -0.380645573, -0.924721003, 1.04143965e-8, 0.924721003, -0.380645573),
        ["WeldC2"] = CFrame.new(0, 0, 0, 1, 0, 0, 0, 1, 0, 0, 0, 1)
    }
}
v32.Welds = v33
local v34 = {
    {
        ["Part1"] = "Left Arm",
        ["Part2"] = "Left Arm",
        ["WeldC1"] = CFrame.new(-0.059967041, -0.905999899, -1.41866684, -1, 0, 0, 0, 0, -1, 0, -1, 0),
        ["WeldC2"] = CFrame.new(0, 0, 0, 1, 0, 0, 0, 1, 0, 0, 0, 1)
    },
    {
        ["Part1"] = "Right Arm",
        ["Part2"] = "Right Arm",
        ["WeldC1"] = CFrame.new(0.0040435791, -0.905999899, -1.41866684, -1, -7.33313215e-8, -4.95118719e-8, 3.79109011e-8, 1.29472851e-15, -0.999999881, 1.01514225e-7, -0.999999881, 2.41777995e-15),
        ["WeldC2"] = CFrame.new(0, 0, 0, 1, 0, 0, 0, 1, 0, 0, 0, 1)
    }
}
v32.UseWeld = v34
v32.Damage = 62
v32.CanSell = true
v32.SellPrice = 62
v1.DualBoneMace = v32
local v35 = {
    ["Name"] = "Twin Iron Naginatas",
    ["Desc"] = "Two long weapons ideal for sweeping attacks.",
    ["Rarity"] = "Common",
    ["Image"] = "rbxassetid://84315814583606",
    ["EquipType"] = "DualWeapon"
}
local v36 = {
    {
        ["Part1"] = "Torso",
        ["Part2"] = "Torso",
        ["WeldC1"] = CFrame.new(0.0450439453, 0.0915100574, 1.75268555, -0.642789543, 0.766046524, 1.73426495e-9, -0.766046524, -0.642789543, -3.64288711e-15, 1.11475906e-9, -1.32854006e-9, 1),
        ["WeldC2"] = CFrame.new(0, 0, 0, 1, 0, 0, 0, 1, 0, 0, 0, 1)
    }
}
v35.Welds = v36
local v37 = {
    {
        ["Part1"] = "Left Arm",
        ["Part2"] = "Left Arm",
        ["WeldC1"] = CFrame.new(-0.0551605225, -0.900096893, -2.19364548, -0.000711311237, 0.00351846172, 0.999993563, -0.999348998, 0.0360681862, -0.000837758067, -0.0360709019, -0.999343157, 0.00349051529),
        ["WeldC2"] = CFrame.new(0, 0, 0, 1, 0, 0, 0, 1, 0, 0, 0, 1)
    },
    {
        ["Part1"] = "Right Arm",
        ["Part2"] = "Right Arm",
        ["WeldC1"] = CFrame.new(-0.0239944458, -0.901100159, -2.49510193, -0.000711311121, 0.00351846148, 0.999993563, -0.999348998, 0.0360681713, -0.000837757892, -0.036070887, -0.999343157, 0.00349051529),
        ["WeldC2"] = CFrame.new(0, 0, 0, 1, 0, 0, 0, 1, 0, 0, 0, 1)
    }
}
v35.UseWeld = v37
v35.Damage = 125
v35.CanSell = true
v35.SellPrice = 125
v1.DualSteelNaginata = v35
local v38 = {
    ["Name"] = "Wyvern Vanquisher",
    ["Desc"] = "A powerful blade designed to slay even the mightiest wyverns.",
    ["Rarity"] = "Rare",
    ["Image"] = "rbxassetid://72195144050480",
    ["EquipType"] = "WeaponRight"
}
local v39 = {
    {
        ["Part1"] = "Torso",
        ["Part2"] = "Torso",
        ["WeldC1"] = CFrame.new(0.0952148438, 0.0821895599, 1.10571289, -0.649065197, -3.57054759e-8, -0.760733962, 0.760733962, -1.30736506e-8, -0.649065197, 1.32295881e-8, -1, 3.56479539e-8),
        ["WeldC2"] = CFrame.new(0, 0, 0, 1, 0, 0, 0, 1, 0, 0, 0, 1)
    }
}
v38.Welds = v39
local v40 = {
    {
        ["Part1"] = "Right Arm",
        ["Part2"] = "Right Arm",
        ["WeldC1"] = CFrame.new(0.0040435791, -0.905999899, -2.64696503, -0.0360682011, -0.999349356, 2.7521453e-13, -0.999349356, 0.0360682011, -9.93295463e-15, -4.23513343e-22, -2.75393694e-13, -1),
        ["WeldC2"] = CFrame.new(0, 0, 0, 1, 0, 0, 0, 1, 0, 0, 0, 1)
    }
}
v38.UseWeld = v40
v38.Damage = 450
v38.CanSell = true
v38.SellPrice = 1500
v1.WyvernSlayer = v38
local v41 = {
    ["Name"] = "Beast Bane",
    ["Desc"] = "A legendary weapon used to defeat monstrous creatures.",
    ["Rarity"] = "Common",
    ["Image"] = "rbxassetid://109231231340988",
    ["EquipType"] = "WeaponRight"
}
local v42 = {
    {
        ["Part1"] = "Torso",
        ["Part2"] = "Torso",
        ["WeldC1"] = CFrame.new(0, 1.90734863e-6, 1.14898682, -0.683466792, -0.729988158, 7.15902715e-9, 0.729988158, -0.683466792, -5.12452925e-9, 8.63370886e-9, 1.72354908e-9, 1),
        ["WeldC2"] = CFrame.new(0, 0, 0, 1, 0, 0, 0, 1, 0, 0, 0, 1)
    }
}
v41.Welds = v42
local v43 = {
    {
        ["Part1"] = "Right Arm",
        ["Part2"] = "Right Arm",
        ["WeldC1"] = CFrame.new(0.0040435791, -0.905999899, -2.0990448, -0.000711311237, 0.00351846172, 0.999993563, -0.999348998, 0.0360681899, -0.000837758009, -0.0360709019, -0.999343157, 0.00349051529),
        ["WeldC2"] = CFrame.new(0, 0, 0, 1, 0, 0, 0, 1, 0, 0, 0, 1)
    }
}
v41.UseWeld = v43
v41.Damage = 251
v41.CanSell = true
v41.SellPrice = 250
v1.MonsterSlayer = v41
local v44 = {
    ["Name"] = "Twin Simple Wands",
    ["Desc"] = "A pair of basic wands for beginner spellcasters.",
    ["Rarity"] = "Common",
    ["Image"] = "rbxassetid://89839398298916",
    ["EquipType"] = "DualWeapon"
}
local v45 = {
    {
        ["Part1"] = "Torso",
        ["Part2"] = "Torso",
        ["WeldC1"] = CFrame.new(-0.125366211, 0.0911517143, 1.13311768, 0.713250458, -0.700909257, 2.77804837e-8, 0.700909257, 0.713250458, -3.11771693e-8, -2.03792405e-9, 4.5714053e-8, 1),
        ["WeldC2"] = CFrame.new(0, 0, 0, 1, 0, 0, 0, 1, 0, 0, 0, 1)
    }
}
v44.Welds = v45
local v46 = {
    {
        ["Part1"] = "Left Arm",
        ["Part2"] = "Left Arm",
        ["WeldC1"] = CFrame.new(-0.0309066772, -0.857431889, -0.816127777, -0.000711385976, 0.00351848523, 0.999993563, -0.999346852, 0.0360681191, -0.000837733969, -0.0360708274, -0.999341011, 0.00349045126),
        ["WeldC2"] = CFrame.new(0, 0, 0, 1, 0, 0, 0, 1, 0, 0, 0, 1)
    },
    {
        ["Part1"] = "Right Arm",
        ["Part2"] = "Right Arm",
        ["WeldC1"] = CFrame.new(-0.0272979736, -0.833772659, -1.41866684, -0.000711334986, 0.00351848197, 0.999993563, -0.999347925, 0.0360681564, -0.000837732689, -0.0360708684, -0.999342084, 0.00349049224),
        ["WeldC2"] = CFrame.new(0, 0, 0, 1, 0, 0, 0, 1, 0, 0, 0, 1)
    }
}
v44.UseWeld = v46
v44.Damage = 503
v44.CanSell = true
v44.SellPrice = 500
v1.DualBasicStaffs = v44
local v47 = {
    ["Name"] = "Corsair Blade",
    ["Desc"] = "A saber favored by notorious pirates.",
    ["Rarity"] = "Common",
    ["Image"] = "rbxassetid://71096268010342",
    ["EquipType"] = "WeaponRight"
}
local v48 = {
    {
        ["Part1"] = "Torso",
        ["Part2"] = "Torso",
        ["WeldC1"] = CFrame.new(0.141967773, 0.24094367, 0.862426758, 0.743145347, -0.669131458, 6.57881074e-8, -0.669131458, -0.743145347, -4.45108803e-8, 7.86736081e-8, -1.09428218e-8, -1),
        ["WeldC2"] = CFrame.new(0, 0, 0, 1, 0, 0, 0, 1, 0, 0, 0, 1)
    }
}
v47.Welds = v48
local v49 = {
    {
        ["Part1"] = "Right Arm",
        ["Part2"] = "Right Arm",
        ["WeldC1"] = CFrame.new(0.0040435791, -0.905999899, -1.15156555, -0.000711311237, 0.00351846172, 0.999993563, -0.999348998, 0.0360681862, -0.000837758067, -0.0360709019, -0.999343157, 0.00349051529),
        ["WeldC2"] = CFrame.new(0, 0, 0, 1, 0, 0, 0, 1, 0, 0, 0, 1)
    }
}
v47.UseWeld = v49
v47.Damage = 1007
v47.CanSell = true
v47.SellPrice = 1000
v1.PirateSaber = v47
local v50 = {
    ["Name"] = "Hybrid War Axe",
    ["Desc"] = "An axe combining styles for maximum versatility in battle.",
    ["Rarity"] = "Common",
    ["Image"] = "rbxassetid://80518521831571",
    ["EquipType"] = "WeaponLeft"
}
local v51 = {
    {
        ["Part1"] = "Torso",
        ["Part2"] = "Torso",
        ["WeldC1"] = CFrame.new(-0.124816895, 0.178305626, 0.870666504, 0.647735298, -0.761865497, -2.03437438e-7, 0.761865497, 0.647735298, 1.15248149e-7, 4.39700152e-8, -2.29642254e-7, 1),
        ["WeldC2"] = CFrame.new(0, 0, 0, 1, 0, 0, 0, 1, 0, 0, 0, 1)
    }
}
v50.Welds = v51
local v52 = {
    {
        ["Part1"] = "Left Arm",
        ["Part2"] = "Right Arm",
        ["WeldC1"] = CFrame.new(-0.0813903809, -0.906740427, -1.25749207, -0.000711267174, 0.00351822306, 0.999993563, -0.999348998, 0.0360680073, -0.000837704807, -0.0360707231, -0.999343157, 0.0034902785),
        ["WeldC2"] = CFrame.new(0, 0, 0, 1, 0, 0, 0, 1, 0, 0, 0, 1)
    }
}
v50.UseWeld = v52
v50.Damage = 2015
v50.CanSell = true
v50.SellPrice = 2000
v1.MixedBattleAxe = v50
local v53 = {
    ["Name"] = "Bronze War Axe",
    ["Desc"] = "A heavy war axe made from polished bronze.",
    ["Rarity"] = "Common",
    ["Image"] = "rbxassetid://107532021386462",
    ["EquipType"] = "WeaponRight"
}
local v54 = {
    {
        ["Part1"] = "Torso",
        ["Part2"] = "Torso",
        ["WeldC1"] = CFrame.new(0.196166992, -0.0620040894, 1.11688232, 0.685703695, 0.727880776, -9.52411483e-10, -0.727880776, 0.685703695, 0, -6.53072096e-10, -6.93242019e-10, 1),
        ["WeldC2"] = CFrame.new(0, 0, 0, 1, 0, 0, 0, 1, 0, 0, 0, 1)
    }
}
v53.Welds = v54
local v55 = {
    {
        ["Part1"] = "Right Arm",
        ["Part2"] = "Right Arm",
        ["WeldC1"] = CFrame.new(0.0040435791, -0.995595217, -1.20321655, -0.000711311062, 0.00351846102, 0.999993563, -0.999348819, 0.0360681787, -0.000837758009, -0.0360708907, -0.999342978, 0.00349051529),
        ["WeldC2"] = CFrame.new(0, 0, 0, 1, 0, 0, 0, 1, 0, 0, 0, 1)
    }
}
v53.UseWeld = v55
v53.Damage = 4031
v53.CanSell = true
v53.SellPrice = 4000
v1.BronzeGreatAxe = v53
local v56 = {
    ["Name"] = "Twin Relic Maces",
    ["Desc"] = "Two ancient maces with relic-like craftsmanship.",
    ["Rarity"] = "Common",
    ["Image"] = "rbxassetid://122559862200516",
    ["EquipType"] = "DualDagger"
}
local v57 = {
    {
        ["Part1"] = "Torso",
        ["Part2"] = "Torso2",
        ["WeldC1"] = CFrame.new(-1.25, -1.5480634, 0.865600586, 5.59962798e-10, 4.48995969e-8, 1, 0.904583633, -0.426296204, 1.86339957e-8, 0.426296204, 0.904583633, -4.65686227e-8),
        ["WeldC2"] = CFrame.new(0, 0, 0, 1, 0, 0, 0, 1, 0, 0, 0, 1)
    },
    {
        ["Part1"] = "Torso",
        ["Part2"] = "Torso1",
        ["WeldC1"] = CFrame.new(1.25, -1.5480634, 0.865600586, 5.59962798e-10, 4.48995969e-8, 1, 0.904583633, -0.426296204, 1.86339957e-8, 0.426296204, 0.904583633, -4.65686227e-8),
        ["WeldC2"] = CFrame.new(0, 0, 0, 1, 0, 0, 0, 1, 0, 0, 0, 1)
    }
}
v56.Welds = v57
local v58 = {
    {
        ["Part1"] = "Left Arm",
        ["Part2"] = "Left Arm",
        ["WeldC1"] = CFrame.new(0.0534820557, -0.905999899, -1.41866684, -0.000711324275, 0.00351843424, 0.999993563, -0.999348998, 0.0360681899, -0.000837746018, -0.0360709019, -0.999343157, 0.00349054323),
        ["WeldC2"] = CFrame.new(0, 0, 0, 1, 0, 0, 0, 1, 0, 0, 0, 1)
    },
    {
        ["Part1"] = "Right Arm",
        ["Part2"] = "Right Arm",
        ["WeldC1"] = CFrame.new(-0.0325927734, -0.908094168, -1.40993881, -0.000711324275, 0.00351843424, 0.999993563, -0.999348998, 0.0360681899, -0.000837746018, -0.0360709019, -0.999343157, 0.00349054323),
        ["WeldC2"] = CFrame.new(0, 0, 0, 1, 0, 0, 0, 1, 0, 0, 0, 1)
    }
}
v56.UseWeld = v58
v56.Damage = 8063
v56.CanSell = true
v56.SellPrice = 8000
v1.DualAncientMace = v56
local v59 = {
    ["Name"] = "Troll Bane",
    ["Desc"] = "A weapon designed specifically to bring down trolls.",
    ["Rarity"] = "Rare",
    ["Image"] = "rbxassetid://97041040331116",
    ["EquipType"] = "WeaponRight"
}
local v60 = {
    {
        ["Part1"] = "Torso",
        ["Part2"] = "Torso",
        ["WeldC1"] = CFrame.new(-0.000793457031, -0.000906944275, 0.99005127, -0.759900272, -0.650039673, 3.57056429e-8, 0.650039673, -0.759900331, 1.30737146e-8, 1.86343012e-8, 3.31448042e-8, 1),
        ["WeldC2"] = CFrame.new(0, 0, 0, 1, 0, 0, 0, 1, 0, 0, 0, 1)
    }
}
v59.Welds = v60
local v61 = {
    {
        ["Part1"] = "Right Arm",
        ["Part2"] = "Right Arm",
        ["WeldC1"] = CFrame.new(0.0040435791, -0.905999899, -2.11860657, -0.000711311237, 0.00351846172, 0.999993563, -0.999348998, 0.0360681899, -0.000837758009, -0.0360709019, -0.999343157, 0.00349051529),
        ["WeldC2"] = CFrame.new(0, 0, 0, 1, 0, 0, 0, 1, 0, 0, 0, 1)
    }
}
v59.UseWeld = v61
v59.Damage = 25000
v59.CanSell = true
v59.SellPrice = 25000
v1.TrollSlayer = v59
local v62 = {
    ["Name"] = "Twin Corsair Blades",
    ["Desc"] = "Two curved blades favored by cunning pirates.",
    ["Rarity"] = "Common",
    ["Image"] = "rbxassetid://110664031883348",
    ["EquipType"] = "DualDagger"
}
local v63 = {
    {
        ["Part1"] = "Torso",
        ["Part2"] = "Torso1",
        ["WeldC1"] = CFrame.new(-1.25, -1.46356332, -0.0997924805, -1.7364431e-7, -1.23006032e-7, -1.00000095, -0.914000154, -0.4057163, 2.08616257e-7, -0.405715913, 0.913999259, -4.19771098e-8),
        ["WeldC2"] = CFrame.new(0, 0, 0, 1, 0, 0, 0, 1, 0, 0, 0, 1)
    },
    {
        ["Part1"] = "Torso",
        ["Part2"] = "Torso2",
        ["WeldC1"] = CFrame.new(1.25, -1.4635638, -0.0997924805, -1.7364431e-7, -1.23006032e-7, -1.00000095, -0.914000154, -0.4057163, 2.08616257e-7, -0.405715913, 0.913999259, -4.19771098e-8),
        ["WeldC2"] = CFrame.new(0, 0, 0, 1, 0, 0, 0, 1, 0, 0, 0, 1)
    }
}
v62.Welds = v63
local v64 = {
    {
        ["Part1"] = "Left Arm",
        ["Part2"] = "Left Arm",
        ["WeldC1"] = CFrame.new(-0.0261688232, -0.904961824, -1.149086, -0.0007114248, 0.00351847592, 0.999993563, -0.999348938, 0.0360697359, -0.000837877451, -0.0360724516, -0.999343097, 0.00349052413),
        ["WeldC2"] = CFrame.new(0, 0, 0, 1, 0, 0, 0, 1, 0, 0, 0, 1)
    },
    {
        ["Part1"] = "Right Arm",
        ["Part2"] = "Right Arm",
        ["WeldC1"] = CFrame.new(0.0150985718, -0.907052279, -1.15546799, -0.0007114248, 0.00351847592, 0.999993563, -0.999348938, 0.0360697359, -0.000837877451, -0.0360724516, -0.999343097, 0.00349052413),
        ["WeldC2"] = CFrame.new(0, 0, 0, 1, 0, 0, 0, 1, 0, 0, 0, 1)
    }
}
v62.UseWeld = v64
v62.Damage = 16127
v62.CanSell = true
v62.SellPrice = 16000
v1.DualPirateSaber = v62
local v65 = {
    ["Name"] = "Twin Iron Sabers",
    ["Desc"] = "Two sabers crafted for speed and precision.",
    ["Rarity"] = "Common",
    ["Image"] = "rbxassetid://123893015414334",
    ["EquipType"] = "DualDagger"
}
local v66 = {
    {
        ["Part1"] = "Torso",
        ["Part2"] = "Torso2",
        ["WeldC1"] = CFrame.new(-1.24993896, -1.42327869, 0.80645752, -1.33869037e-7, -1.25760593e-7, -1.00000477, -0.866029501, -0.500002444, 1.78814275e-7, -0.50000006, 0.866025388, -4.19771133e-8),
        ["WeldC2"] = CFrame.new(0, 0, 0, 1, 0, 0, 0, 1, 0, 0, 0, 1)
    },
    {
        ["Part1"] = "Torso",
        ["Part2"] = "Torso1",
        ["WeldC1"] = CFrame.new(1.25006104, -1.4232955, 0.80645752, -1.33868639e-7, -1.25759868e-7, -1, -0.866026819, -0.499997556, 1.78813451e-7, -0.499997556, 0.866026819, -4.19774295e-8),
        ["WeldC2"] = CFrame.new(0, 0, 0, 1, 0, 0, 0, 1, 0, 0, 0, 1)
    }
}
v65.Welds = v66
local v67 = {
    {
        ["Part1"] = "Left Arm",
        ["Part2"] = "Left Arm",
        ["WeldC1"] = CFrame.new(-0.071723938, -0.904938698, -1.30738831, -0.000711305474, 0.00351850665, 0.999993563, -0.999348938, 0.0360698253, -0.000837759639, -0.036072541, -0.999343097, 0.00349055906),
        ["WeldC2"] = CFrame.new(0, 0, 0, 1, 0, 0, 0, 1, 0, 0, 0, 1)
    },
    {
        ["Part1"] = "Right Arm",
        ["Part2"] = "Right Arm",
        ["WeldC1"] = CFrame.new(0.00760650635, -0.907020092, -1.29027939, -0.000711308385, 0.00351850595, 0.999993563, -0.999348998, 0.0360689908, -0.000837759697, -0.0360717066, -0.999343157, 0.00349055883),
        ["WeldC2"] = CFrame.new(0, 0, 0, 1, 0, 0, 0, 1, 0, 0, 0, 1)
    }
}
v65.UseWeld = v67
v65.Damage = 32255
v65.CanSell = true
v65.SellPrice = 32000
v1.DualSteelSabers = v65
local v68 = {
    ["Name"] = "Iron Saber",
    ["Desc"] = "A sharp and durable saber forged from iron.",
    ["Rarity"] = "Common",
    ["Image"] = "rbxassetid://108067172285874",
    ["EquipType"] = "WeaponRight"
}
local v69 = {
    {
        ["Part1"] = "Torso",
        ["Part2"] = "Torso",
        ["WeldC1"] = CFrame.new(0.184936523, 0.0417115688, 0.967285156, -0.701222003, -0.712947786, 7.15904136e-9, 0.712947786, -0.701222003, -5.12458254e-9, 8.67364136e-9, 1.51062074e-9, 1),
        ["WeldC2"] = CFrame.new(0, 0, 0, 1, 0, 0, 0, 1, 0, 0, 0, 1)
    }
}
v68.Welds = v69
local v70 = {
    {
        ["Part1"] = "Right Arm",
        ["Part2"] = "Right Arm",
        ["WeldC1"] = CFrame.new(0.0040435791, -0.944303274, -1.20044708, -0.000711311412, 0.00351846311, 0.999993563, -0.999349356, 0.0360682011, -0.000837758009, -0.0360709131, -0.999343514, 0.00349051529),
        ["WeldC2"] = CFrame.new(0, 0, 0, 1, 0, 0, 0, 1, 0, 0, 0, 1)
    }
}
v68.UseWeld = v70
v68.Damage = 64512
v68.CanSell = true
v68.SellPrice = 64000
v1.SteelSaber = v68
local v71 = {
    ["Name"] = "Iron Wingblade",
    ["Desc"] = "A light and sharp blade inspired by the wings of a butterfly.",
    ["Rarity"] = "Common",
    ["Image"] = "rbxassetid://83531574878225",
    ["EquipType"] = "WeaponLeft"
}
local v72 = {
    {
        ["Part1"] = "Torso",
        ["Part2"] = "Torso",
        ["WeldC1"] = CFrame.new(-0.174621582, 0.541128397, 0.914245605, -0.629542708, 0.776968122, -2.68032796e-8, -0.776968122, -0.629542708, 2.23936176e-8, 5.25313126e-10, 3.49229161e-8, 1),
        ["WeldC2"] = CFrame.new(0, 0, 0, 1, 0, 0, 0, 1, 0, 0, 0, 1)
    }
}
v71.Welds = v72
local v73 = {
    {
        ["Part1"] = "Left Arm",
        ["Part2"] = "Right Arm",
        ["WeldC1"] = CFrame.new(0.0040435791, -0.905999899, -0.876110077, -0.000711311237, 0.00351846172, 0.999993563, -0.999348998, 0.0360681899, -0.000837758009, -0.0360709019, -0.999343157, 0.00349051529),
        ["WeldC2"] = CFrame.new(0, 0, 0, 1, 0, 0, 0, 1, 0, 0, 0, 1)
    }
}
v71.UseWeld = v73
v71.Damage = 129025
v71.CanSell = true
v71.SellPrice = 120000
v1.SteelButterfly = v71
local v74 = {
    ["Name"] = "Twin Iron Wingblades",
    ["Desc"] = "Two blades inspired by the agility of a butterfly.",
    ["Rarity"] = "Common",
    ["Image"] = "rbxassetid://105573356545573",
    ["EquipType"] = "DualDagger"
}
local v75 = {
    {
        ["Part1"] = "Torso",
        ["Part2"] = "Torso1",
        ["WeldC1"] = CFrame.new(1.25006104, -1.24100602, 0.00177001953, -1.52796702e-7, -1.36688385e-7, -1.00000286, -0.866027892, -0.50000149, 2.0067003e-7, -0.50000006, 0.866025388, -4.19771133e-8),
        ["WeldC2"] = CFrame.new(0, 0, 0, 1, 0, 0, 0, 1, 0, 0, 0, 1)
    },
    {
        ["Part1"] = "Torso",
        ["Part2"] = "Torso2",
        ["WeldC1"] = CFrame.new(-1.24993896, -1.24073696, 0.00177001953, -1.52796702e-7, -1.36688385e-7, -1.00000286, -0.866027892, -0.50000149, 2.0067003e-7, -0.50000006, 0.866025388, -4.19771133e-8),
        ["WeldC2"] = CFrame.new(0, 0, 0, 1, 0, 0, 0, 1, 0, 0, 0, 1)
    }
}
v74.Welds = v75
local v76 = {
    {
        ["Part1"] = "Left Arm",
        ["Part2"] = "Left Arm",
        ["WeldC1"] = CFrame.new(0.049911499, -0.990949869, -0.984233856, -0.000711311004, 0.00351850549, 0.999993563, -0.999348998, 0.0360682458, -0.000837759639, -0.0360709615, -0.999343157, 0.00349055906),
        ["WeldC2"] = CFrame.new(0, 0, 0, 1, 0, 0, 0, 1, 0, 0, 0, 1)
    },
    {
        ["Part1"] = "Right Arm",
        ["Part2"] = "Right Arm",
        ["WeldC1"] = CFrame.new(0.00955200195, -0.906937122, -1.02296066, -0.000711311004, 0.00351850549, 0.999993563, -0.999348998, 0.0360682458, -0.000837759639, -0.0360709615, -0.999343157, 0.00349055906),
        ["WeldC2"] = CFrame.new(0, 0, 0, 1, 0, 0, 0, 1, 0, 0, 0, 1)
    }
}
v74.UseWeld = v76
v74.Damage = 258051
v74.CanSell = true
v74.SellPrice = 250000
v1.DualSteelButterfly = v74
local v77 = {
    ["Name"] = "Iron Kando Blade",
    ["Desc"] = "A sleek and sharp kando forged from iron.",
    ["Rarity"] = "Common",
    ["Image"] = "rbxassetid://110167113341853",
    ["EquipType"] = "WeaponLeft"
}
local v78 = {
    {
        ["Part1"] = "Torso",
        ["Part2"] = "Torso",
        ["WeldC1"] = CFrame.new(-0.000305175781, 0.000259399414, 1.0916748, -0.656060517, 0.754710793, -2.58303832e-8, -0.754710793, -0.656060517, 2.35527509e-8, 8.29214364e-10, 3.49463605e-8, 1),
        ["WeldC2"] = CFrame.new(0, 0, 0, 1, 0, 0, 0, 1, 0, 0, 0, 1)
    }
}
v77.Welds = v78
local v79 = {
    {
        ["Part1"] = "Left Arm",
        ["Part2"] = "Right Arm",
        ["WeldC1"] = CFrame.new(0.0040435791, -0.874806881, -1.47987747, -0.000711311062, 0.00351846102, 0.999993563, -0.999348819, 0.0360681787, -0.000837758009, -0.0360708907, -0.999342978, 0.00349051529),
        ["WeldC2"] = CFrame.new(0, 0, 0, 1, 0, 0, 0, 1, 0, 0, 0, 1)
    }
}
v77.UseWeld = v79
v77.Damage = 516103
v77.CanSell = true
v77.SellPrice = 500000
v1.SteelKando = v77
local v80 = {
    ["Name"] = "Runic Blade",
    ["Desc"] = "A sword etched with ancient and powerful runes.",
    ["Rarity"] = "Rare",
    ["Image"] = "rbxassetid://103689297962462",
    ["EquipType"] = "WeaponRight"
}
local v81 = {
    {
        ["Part1"] = "Torso",
        ["Part2"] = "Torso",
        ["WeldC1"] = CFrame.new(0.061340332, 0.109022379, 1.01409912, 0.749497473, -0.662011504, -7.15904136e-9, -0.662011504, -0.749497473, 5.12454168e-9, -8.75814621e-9, 8.98535912e-10, -1),
        ["WeldC2"] = CFrame.new(0, 0, 0, 1, 0, 0, 0, 1, 0, 0, 0, 1)
    }
}
v80.Welds = v81
local v82 = {
    {
        ["Part1"] = "Right Arm",
        ["Part2"] = "Right Arm",
        ["WeldC1"] = CFrame.new(0.0040435791, -0.855265379, -2.43308258, -0.000711311412, 0.00351846311, 0.999993563, -0.999349356, 0.0360682011, -0.000837758009, -0.0360709131, -0.999343514, 0.00349051529),
        ["WeldC2"] = CFrame.new(0, 0, 0, 1, 0, 0, 0, 1, 0, 0, 0, 1)
    }
}
v80.UseWeld = v82
v80.Damage = 1250000
v80.CanSell = true
v80.SellPrice = 1250000
v1.RuneSword = v80
local v83 = {
    ["Name"] = "Iron Naginata",
    ["Desc"] = "A traditional polearm with a deadly blade of iron.",
    ["Rarity"] = "Common",
    ["Image"] = "rbxassetid://131417410532062",
    ["EquipType"] = "WeaponRight"
}
local v84 = {
    {
        ["Part1"] = "Torso",
        ["Part2"] = "Torso",
        ["WeldC1"] = CFrame.new(0.126220703, 0.311577082, 1.21875, 0.707108617, -0.707107186, 1.11172511e-7, -0.707107186, -0.707108617, 3.60332351e-8, 5.31314654e-8, -1.04089906e-7, -1),
        ["WeldC2"] = CFrame.new(0, 0, 0, 1, 0, 0, 0, 1, 0, 0, 0, 1)
    }
}
v83.Welds = v84
local v85 = {
    {
        ["Part1"] = "Right Arm",
        ["Part2"] = "Right Arm",
        ["WeldC1"] = CFrame.new(0.0040435791, -1.03711569, -1.45020676, -0.000711309491, 0.00351845357, 0.999993563, -0.999346614, 0.0360680968, -0.000837758009, -0.0360708088, -0.999340773, 0.00349051529),
        ["WeldC2"] = CFrame.new(0, 0, 0, 1, 0, 0, 0, 1, 0, 0, 0, 1)
    }
}
v83.UseWeld = v85
v83.Damage = 1032206
v83.CanSell = true
v83.SellPrice = 1000000
v1.SteelNaginata = v83
local v86 = {
    ["Name"] = "Titan Khopesh",
    ["Desc"] = "An oversized khopesh wielded by titanic warriors.",
    ["Rarity"] = "Common",
    ["Image"] = "rbxassetid://114577081621553",
    ["EquipType"] = "WeaponRight"
}
local v87 = {
    {
        ["Part1"] = "Torso",
        ["Part2"] = "Torso",
        ["WeldC1"] = CFrame.new(0.639892578, -0.014944315, 1.17364502, 0.749327779, 0.662204206, -3.26364216e-8, -0.662203968, 0.749327958, -2.76295964e-8, -8.75800676e-9, 4.28106262e-8, 1.00000024),
        ["WeldC2"] = CFrame.new(0, 0, 0, 1, 0, 0, 0, 1, 0, 0, 0, 1)
    }
}
v86.Welds = v87
local v88 = {
    {
        ["Part1"] = "Right Arm",
        ["Part2"] = "Right Arm",
        ["WeldC1"] = CFrame.new(0, 0, 0, 1, 0, 0, 0, 1, 0, 0, 0, 1),
        ["WeldC2"] = CFrame.new(-1.46829104, -1.8969326, 0.00155448914, -0.000692605856, -0.999347925, -0.0360995457, 0.00348746683, 0.0360969305, -0.999341965, 0.999993443, -0.000817984343, 0.00346016791)
    }
}
v86.UseWeld = v88
v86.Damage = 2064412
v86.CanSell = true
v86.SellPrice = 2000000
v1.GreatKopesh = v86
local v89 = {
    ["Name"] = "Bone Crusher",
    ["Desc"] = "A mace made of bones, heavy and effective for combat.",
    ["Rarity"] = "Common",
    ["Image"] = "rbxassetid://93908798361937",
    ["EquipType"] = "WeaponRight"
}
local v90 = {
    {
        ["Part1"] = "Torso",
        ["Part2"] = "Torso",
        ["WeldC1"] = CFrame.new(0.0317993164, -0.0111961365, 1.22967529, -0.725918233, -0.687780976, 5.14259124e-9, 0.675528109, -0.712985933, 0.187916726, -0.129245549, 0.136412174, 0.982184947),
        ["WeldC2"] = CFrame.new(0, 0, 0, 1, 0, 0, 0, 1, 0, 0, 0, 1)
    }
}
v89.Welds = v90
local v91 = {
    {
        ["Part1"] = "Right Arm",
        ["Part2"] = "Right Arm",
        ["WeldC1"] = CFrame.new(0.0040435791, -0.905999899, -1.130867, -1.49011612e-8, 1.49011612e-8, 1, -0.999999702, -2.4586916e-7, 1.49011612e-8, -2.4586916e-7, -0.999999702, -1.49011612e-8),
        ["WeldC2"] = CFrame.new(0, 0, 0, 1, 0, 0, 0, 1, 0, 0, 0, 1)
    }
}
v89.UseWeld = v91
v89.Damage = 4128824
v89.CanSell = true
v89.SellPrice = 4000000
v1.BoneMace = v89
local v92 = {
    ["Name"] = "Relic Mace",
    ["Desc"] = "An ancient mace that holds the mysteries of the past.",
    ["Rarity"] = "Common",
    ["Image"] = "rbxassetid://126834448615172",
    ["EquipType"] = "WeaponRight"
}
local v93 = {
    {
        ["Part1"] = "Torso",
        ["Part2"] = "Torso",
        ["WeldC1"] = CFrame.new(-0.335266113, -0.150901794, 1.39074707, -0.664262652, -0.747499287, 3.26742331e-8, 0.745233715, -0.662249386, 0.0777977034, -0.0581537038, 0.0516781323, 0.996969163),
        ["WeldC2"] = CFrame.new(0, 0, 0, 1, 0, 0, 0, 1, 0, 0, 0, 1)
    }
}
v92.Welds = v93
local v94 = {
    {
        ["Part1"] = "Right Arm",
        ["Part2"] = "Right Arm",
        ["WeldC1"] = CFrame.new(0.0163192749, -0.682104111, -1.69556427, 1.83296683e-10, 0.00771812815, -0.9999699, 1, 2.11875886e-8, 0, -2.37480116e-8, -0.9999699, -0.00771800149),
        ["WeldC2"] = CFrame.new(0, 0, 0, 1, 0, 0, 0, 1, 0, 0, 0, 1)
    }
}
v92.UseWeld = v94
v92.Damage = 8257648
v92.CanSell = true
v92.SellPrice = 8000000
v1.AncientMace = v92
local v95 = {
    ["Name"] = "Scarlet Staff",
    ["Desc"] = "A staff radiating with deep crimson magic.",
    ["Rarity"] = "Common",
    ["Image"] = "rbxassetid://139373078393706",
    ["EquipType"] = "WeaponRight"
}
local v96 = {
    {
        ["Part1"] = "Torso",
        ["Part2"] = "Torso",
        ["WeldC1"] = CFrame.new(0.211914062, 0.203161478, 0.976928711, 0.766044259, 0.642787457, -9.52411483e-10, -0.642787457, 0.766044259, 1.90479143e-23, -7.29589333e-10, -6.1219807e-10, 1),
        ["WeldC2"] = CFrame.new(0, 0, 0, 1, 0, 0, 0, 1, 0, 0, 0, 1)
    }
}
v95.Welds = v96
local v97 = {
    {
        ["Part1"] = "Right Arm",
        ["Part2"] = "Right Arm",
        ["WeldC1"] = CFrame.new(0.0040435791, -0.905999899, -0.99665451, -0.000711322878, 0.00351845194, 0.999993563, -0.999348998, 0.0360681899, -0.000837746717, -0.0360709019, -0.999343157, 0.00349052553),
        ["WeldC2"] = CFrame.new(0, 0, 0, 1, 0, 0, 0, 1, 0, 0, 0, 1)
    }
}
v95.UseWeld = v97
v95.Damage = 16515296
v95.CanSell = true
v95.SellPrice = 16000000
v1.CrimsonStaff = v95
local v98 = {
    ["Name"] = "Colossal Saber",
    ["Desc"] = "A massive saber built for strength and precision.",
    ["Rarity"] = "Common",
    ["Image"] = "rbxassetid://116281173672114",
    ["EquipType"] = "WeaponLeft"
}
local v99 = {
    {
        ["Part1"] = "Torso",
        ["Part2"] = "Torso",
        ["WeldC1"] = CFrame.new(0.0121459961, 0.245516777, 1.06738281, -0.67166239, 0.740857422, 1.59668936e-8, -0.740857422, -0.67166245, -1.31099913e-8, 1.01172792e-9, -2.0634678e-8, 1),
        ["WeldC2"] = CFrame.new(0, 0, 0, 1, 0, 0, 0, 1, 0, 0, 0, 1)
    }
}
v98.Welds = v99
local v100 = {
    {
        ["Part1"] = "Left Arm",
        ["Part2"] = "Right Arm",
        ["WeldC1"] = CFrame.new(0.00403594971, -0.648299456, -1.66149902, -0.000711311237, 0.00351844984, 0.999993563, -0.999348998, 0.0360681899, -0.000837757601, -0.0360709019, -0.999343157, 0.00349050341),
        ["WeldC2"] = CFrame.new(0, 0, 0, 1, 0, 0, 0, 1, 0, 0, 0, 1)
    }
}
v98.UseWeld = v100
v98.Damage = 33000000
v98.CanSell = true
v98.SellPrice = 33000000
v1.GreatSaber = v98
local v101 = {
    ["Name"] = "Iron Scythe",
    ["Desc"] = "A durable scythe forged from strong iron.",
    ["Rarity"] = "Rare",
    ["Image"] = "rbxassetid://78222396302451",
    ["EquipType"] = "WeaponRight"
}
local v102 = {
    {
        ["Part1"] = "Torso",
        ["Part2"] = "Torso",
